30 120
1 5
1 15
1 18
2 4
2 9
2 20
3 3
3 10
3 20
4 7
4 17
5 2
5 3
5 11
5 19
5 23
6 4
6 16
6 17
6 25
6 27
7 3
7 8
7 13
7 14
7 30
8 9
8 15
8 18
9 2
9 5
9 11
10 1
10 15
10 18
11 4
11 20
12 4
12 12
12 16
12 17
13 3
13 7
13 14
14 1
14 9
14 16
15 2
15 10
15 20
16 6
16 11
16 13
17 15
17 19
18 7
18 11
18 12
19 9
20 4
20 7
20 8
20 13
20 23
20 27
20 28
21 1
21 2
21 3
21 4
21 5
21 23
21 30
22 7
22 10
22 13
22 14
22 17
22 21
22 22
22 26
22 29
23 27
23 29
23 30
24 2
24 5
24 8
24 11
24 13
25 17
25 18
25 19
25 30
26 1
26 4
26 2
26 19
26 20
26 23
27 4
27 6
27 13
27 14
27 29
28 5
28 13
28 14
28 7
28 9
28 13
28 17
28 18
28 22
29 1
29 15
29 23
29 24
30 3
30 4